S118_006 -1 -1 1 -1 -1 1 -1 -1 -1 -1 1 -1 -1 1
S052_002 -1 -1 1 -1 -1 -1 -1 -1 1 -1 1 -1 -1 -1
S060_002 -1 -1 -1 1 -1 -1 -1 1 -1 -1 -1 -1 -1 1
S035_004 -1 -1 1 -1 -1 -1 -1 -1 -1 -1 1 -1 -1 -1
S097_006 -1 -1 -1 1 -1 -1 -1 1 -1 -1 -1 -1 -1 1
S097_003 -1 -1 -1 -1 -1 -1 -1 -1 -1 -1 -1 -1 -1 1
S107_003 -1 -1 -1 -1 -1 -1 -1 -1 -1 -1 -1 -1 -1 1
S116_005 -1 -1 -1 -1 -1 -1 -1 -1 -1 1 1 -1 -1 -1
S137_005 1 1 1 -1 -1 -1 -1 -1 -1 -1 1 1 -1 -1
S075_002 1 1 -1 -1 -1 -1 -1 -1 -1 -1 -1 -1 -1 1
S060_005 -1 -1 1 -1 -1 1 1 -1 -1 -1 -1 -1 -1 -1
S127_010 -1 1 1 -1 1 -1 -1 -1 -1 -1 1 1 -1 -1
S083_003 -1 -1 -1 1 -1 -1 -1 1 -1 -1 -1 -1 -1 1
S081_005 -1 1 -1 1 -1 -1 -1 1 -1 -1 -1 -1 -1 1
S132_005 -1 -1 1 -1 1 1 -1 -1 -1 -1 1 -1 -1 -1
S506_002 -1 -1 -1 -1 -1 -1 -1 -1 1 -1 -1 -1 -1 -1
S078_001 1 1 -1 -1 -1 -1 -1 -1 -1 -1 -1 -1 -1 1
S128_002 -1 -1 -1 -1 -1 -1 -1 -1 -1 1 1 -1 -1 -1
S109_005 -1 1 1 -1 1 1 -1 -1 -1 -1 1 -1 -1 -1
S056_004 -1 -1 1 -1 -1 -1 -1 1 -1 -1 -1 -1 -1 1
S074_001 1 1 -1 -1 -1 -1 -1 -1 -1 -1 -1 -1 -1 1
S022_003 -1 -1 -1 -1 -1 -1 -1 1 -1 -1 -1 -1 -1 1
S087_006 -1 1 -1 -1 1 -1 -1 -1 -1 1 1 -1 -1 1
S115_008 -1 -1 -1 1 -1 -1 -1 1 -1 -1 -1 -1 -1 1
S110_004 -1 -1 -1 -1 -1 -1 -1 -1 -1 -1 -1 -1 -1 1
S082_004 -1 -1 -1 -1 -1 -1 -1 -1 -1 -1 -1 -1 -1 1
S054_003 1 1 1 -1 -1 -1 -1 -1 -1 -1 -1 -1 -1 1
S061_001 1 1 -1 -1 -1 -1 -1 -1 -1 -1 -1 -1 -1 1
S086_002 -1 -1 1 1 -1 -1 -1 1 -1 -1 -1 -1 -1 1
S112_003 -1 -1 -1 -1 -1 -1 -1 -1 -1 -1 -1 -1 -1 1
S084_002 1 -1 1 1 1 -1 -1 -1 -1 -1 -1 -1 -1 1
S064_001 1 1 -1 -1 -1 -1 -1 -1 -1 -1 -1 -1 -1 1
S125_004 -1 -1 -1 -1 -1 -1 -1 -1 -1 -1 -1 -1 -1 1
S126_008 1 1 1 1 1 -1 -1 -1 -1 -1 1 -1 -1 -1
S138_002 -1 -1 -1 -1 -1 -1 -1 -1 -1 -1 -1 -1 -1 1
S138_006 -1 -1 1 1 1 -1 -1 1 -1 -1 -1 -1 -1 -1
S077_005 -1 1 -1 1 1 -1 -1 -1 -1 -1 -1 -1 -1 1
S028_001 -1 1 1 -1 1 -1 -1 -1 1 -1 1 -1 1 -1
S503_002 -1 -1 -1 -1 -1 -1 -1 -1 1 -1 -1 -1 -1 -1
S127_003 -1 -1 -1 -1 -1 -1 -1 -1 -1 -1 -1 -1 -1 1
S060_003 1 1 1 -1 -1 -1 -1 -1 -1 -1 -1 -1 -1 1
S042_006 -1 -1 -1 1 -1 -1 -1 1 -1 -1 -1 -1 -1 1
S097_002 -1 -1 -1 -1 -1 -1 -1 -1 -1 -1 -1 -1 -1 1
S072_005 -1 1 1 1 1 -1 -1 -1 -1 -1 1 1 1 -1
S157_002 -1 1 -1 -1 -1 -1 -1 -1 1 -1 1 -1 -1 -1
S052_003 -1 -1 1 -1 1 -1 -1 -1 -1 -1 1 1 1 -1
S095_003 -1 -1 -1 -1 -1 -1 -1 -1 -1 -1 -1 -1 -1 1
S029_001 -1 1 1 1 1 -1 -1 -1 -1 -1 1 1 -1 -1
S108_003 -1 -1 -1 -1 -1 -1 -1 -1 -1 -1 -1 -1 -1 1
S011_005 -1 -1 1 -1 1 1 -1 -1 -1 -1 -1 -1 -1 1
S067_001 1 1 -1 -1 -1 -1 -1 -1 -1 1 1 -1 -1 -1
S061_002 -1 -1 -1 1 -1 -1 -1 1 -1 -1 -1 -1 -1 1
S093_003 -1 -1 -1 -1 -1 -1 -1 -1 -1 -1 -1 -1 -1 1
S035_005 -1 -1 -1 1 1 1 -1 -1 -1 -1 -1 -1 -1 1
S022_001 1 1 -1 -1 -1 -1 -1 -1 -1 -1 -1 -1 -1 1
S080_002 -1 -1 -1 -1 -1 -1 -1 1 -1 -1 -1 -1 -1 1
S149_002 -1 -1 -1 -1 -1 -1 -1 -1 1 -1 -1 -1 -1 -1
S137_011 -1 -1 -1 -1 -1 -1 -1 1 -1 -1 -1 -1 -1 1
S125_002 -1 1 -1 -1 -1 -1 -1 1 -1 -1 -1 -1 -1 -1
S154_002 1 1 -1 -1 -1 -1 -1 1 1 -1 -1 -1 -1 -1
S022_004 -1 -1 -1 -1 -1 -1 -1 -1 -1 1 1 -1 -1 -1
S057_005 -1 -1 1 -1 1 1 -1 -1 -1 -1 1 1 1 -1
S042_002 1 -1 1 -1 -1 -1 -1 -1 -1 -1 1 -1 -1 -1
S117_001 1 1 -1 -1 -1 -1 -1 -1 -1 -1 -1 -1 -1 1
S062_003 -1 -1 -1 -1 -1 -1 -1 -1 -1 1 1 -1 -1 -1
S055_005 -1 -1 -1 1 -1 -1 -1 1 -1 -1 -1 -1 -1 1
S100_003 -1 -1 -1 -1 -1 -1 -1 -1 -1 1 1 1 -1 -1
S999_003 1 1 1 -1 -1 -1 1 -1 1 -1 -1 -1 -1 1
S081_002 1 1 1 -1 -1 -1 -1 -1 -1 1 1 -1 -1 -1
S032_005 -1 -1 1 1 1 1 -1 -1 -1 -1 -1 -1 -1 1
S046_005 -1 -1 -1 1 -1 -1 -1 1 -1 -1 -1 -1 -1 1
S092_003 -1 -1 1 -1 1 -1 -1 -1 -1 -1 1 1 1 -1
S122_005 -1 -1 -1 -1 -1 -1 -1 -1 -1 -1 -1 -1 -1 1
S137_003 -1 -1 -1 -1 -1 -1 -1 -1 -1 -1 -1 -1 -1 1
S082_005 -1 -1 1 -1 1 1 -1 -1 -1 -1 1 1 1 -1
S151_002 -1 1 -1 -1 -1 -1 -1 1 1 -1 -1 -1 1 -1
S068_001 1 1 1 -1 -1 -1 -1 -1 -1 1 1 -1 -1 -1
S068_003 1 1 -1 -1 -1 -1 -1 -1 -1 -1 -1 -1 -1 1
S130_006 -1 -1 -1 -1 -1 -1 -1 -1 -1 -1 -1 -1 -1 1
S057_003 -1 -1 1 1 1 1 -1 -1 -1 -1 1 -1 -1 -1
S074_003 -1 -1 -1 -1 -1 -1 -1 -1 -1 -1 -1 -1 -1 1
S026_004 -1 -1 -1 1 1 1 -1 -1 -1 1 1 -1 -1 -1
S501_006 1 1 1 -1 -1 -1 -1 -1 -1 1 1 -1 -1 -1
S130_013 -1 1 -1 1 -1 -1 -1 1 -1 -1 -1 -1 -1 1
S098_004 -1 -1 -1 1 1 -1 -1 1 -1 -1 -1 -1 -1 1
S102_009 -1 -1 -1 1 1 1 -1 -1 -1 -1 -1 -1 -1 -1
S119_007 -1 -1 -1 -1 -1 -1 -1 -1 -1 -1 -1 -1 -1 1
S502_004 1 1 1 -1 -1 -1 -1 -1 1 -1 -1 -1 -1 1
S113_006 -1 1 -1 -1 -1 -1 -1 -1 -1 -1 -1 -1 -1 1
S130_008 -1 1 -1 -1 -1 -1 -1 -1 -1 -1 -1 -1 -1 1
S505_002 -1 -1 -1 -1 -1 -1 -1 -1 1 -1 -1 -1 -1 -1
S014_002 1 1 1 -1 -1 -1 -1 -1 -1 1 1 -1 -1 -1
S034_003 -1 -1 1 -1 1 1 -1 -1 -1 -1 1 1 1 -1
S070_001 1 1 1 1 -1 -1 -1 -1 -1 -1 -1 -1 -1 1
S064_004 1 1 -1 -1 -1 -1 -1 -1 -1 1 -1 -1 -1 -1
S116_001 1 1 -1 -1 -1 -1 -1 -1 -1 -1 -1 -1 -1 1
S071_002 1 -1 1 -1 -1 -1 -1 -1 -1 1 1 -1 -1 -1
S089_002 -1 -1 -1 1 -1 -1 -1 1 -1 -1 -1 -1 -1 1
S061_004 -1 1 -1 -1 1 1 -1 -1 -1 -1 -1 -1 1 -1
S079_001 1 1 -1 -1 -1 -1 -1 -1 -1 -1 -1 -1 -1 1
S095_010 1 1 1 -1 -1 -1 -1 -1 -1 -1 1 -1 -1 -1
S057_002 -1 -1 -1 -1 -1 -1 -1 -1 -1 1 1 -1 -1 -1
S102_001 -1 -1 -1 -1 -1 -1 -1 -1 -1 -1 -1 -1 -1 1
S075_008 1 1 1 -1 -1 -1 -1 1 1 -1 -1 -1 1 -1
S082_001 1 1 -1 -1 -1 -1 -1 -1 -1 -1 -1 -1 -1 1
S022_005 -1 -1 1 -1 -1 -1 -1 -1 -1 1 1 -1 1 -1
S081_001 1 1 -1 -1 -1 -1 -1 -1 -1 -1 -1 -1 -1 1
S056_001 -1 -1 1 -1 -1 -1 -1 -1 -1 1 1 -1 -1 -1
S128_004 1 -1 1 -1 1 1 -1 -1 -1 -1 -1 -1 -1 -1
S062_004 -1 -1 -1 1 -1 -1 -1 1 -1 -1 -1 -1 -1 1
S115_003 1 1 -1 -1 -1 -1 -1 -1 -1 -1 -1 -1 -1 1
S132_002 1 -1 1 -1 -1 -1 -1 -1 -1 1 1 -1 -1 -1
S037_004 -1 -1 1 -1 1 1 -1 -1 -1 -1 1 1 -1 -1
S087_001 1 1 -1 -1 -1 -1 -1 -1 -1 -1 -1 -1 -1 1
S138_008 1 1 1 -1 -1 -1 -1 -1 1 1 -1 -1 1 -1
S132_004 -1 -1 -1 -1 -1 -1 -1 -1 -1 -1 -1 -1 -1 1
S068_002 -1 -1 -1 1 -1 -1 -1 1 -1 -1 -1 -1 -1 1
S076_003 -1 -1 -1 -1 -1 -1 -1 -1 -1 1 1 -1 1 -1
S051_001 1 1 1 -1 -1 -1 -1 -1 -1 -1 -1 -1 -1 1
S045_002 1 1 -1 -1 -1 -1 -1 -1 -1 -1 1 -1 1 -1
S050_004 -1 -1 1 -1 1 -1 -1 -1 -1 -1 1 -1 1 -1
S069_001 1 -1 1 -1 -1 -1 -1 -1 -1 1 1 -1 -1 -1
S037_006 -1 -1 -1 1 -1 -1 -1 1 -1 -1 -1 -1 -1 1
S130_001 1 1 -1 -1 -1 -1 -1 -1 -1 -1 -1 -1 -1 1
S132_007 -1 -1 -1 1 -1 -1 -1 1 -1 -1 -1 -1 -1 -1
S114_005 -1 -1 -1 -1 -1 -1 -1 -1 -1 -1 -1 -1 -1 1
S104_001 -1 -1 -1 -1 -1 -1 -1 1 -1 -1 -1 -1 -1 1
S071_005 -1 -1 -1 1 -1 -1 -1 1 -1 -1 -1 -1 -1 1
S084_001 1 1 1 -1 -1 -1 -1 -1 -1 -1 -1 -1 -1 1
S114_004 -1 -1 -1 -1 -1 -1 -1 -1 -1 -1 -1 -1 -1 1
S108_005 1 -1 1 -1 -1 -1 -1 -1 -1 1 1 -1 -1 -1
S131_010 -1 1 1 -1 -1 1 1 -1 -1 -1 1 -1 -1 -1
S126_004 1 1 1 -1 -1 -1 -1 -1 -1 -1 -1 -1 -1 1
S104_002 -1 -1 -1 -1 -1 -1 -1 1 -1 -1 -1 -1 -1 -1
S506_004 1 1 1 -1 -1 -1 -1 -1 -1 -1 -1 -1 -1 1
S092_004 -1 -1 -1 1 -1 -1 -1 1 -1 -1 -1 -1 -1 1
S066_002 1 1 -1 -1 -1 -1 -1 -1 -1 -1 -1 -1 -1 1
S107_004 -1 1 1 -1 -1 -1 -1 -1 -1 -1 -1 -1 -1 1
S127_004 -1 -1 -1 1 -1 -1 -1 1 -1 -1 -1 -1 -1 1
S080_004 1 -1 1 -1 1 -1 -1 1 -1 -1 -1 -1 -1 1
S014_003 -1 1 1 -1 1 -1 1 -1 -1 -1 1 1 1 -1
S034_002 -1 -1 1 -1 1 -1 -1 -1 -1 -1 -1 -1 -1 1
S101_005 -1 -1 -1 -1 -1 -1 -1 -1 -1 -1 -1 -1 -1 1
S103_002 -1 -1 -1 -1 -1 -1 -1 1 -1 -1 -1 -1 -1 1
S070_003 -1 -1 -1 1 -1 -1 -1 1 -1 -1 -1 -1 -1 1
S108_008 -1 1 -1 1 1 -1 -1 1 -1 -1 -1 -1 -1 1
S110_005 -1 -1 -1 -1 -1 -1 -1 -1 -1 -1 -1 -1 -1 1
S132_003 1 -1 1 1 -1 -1 -1 1 -1 -1 -1 -1 -1 1
S112_004 -1 -1 -1 1 -1 -1 -1 1 -1 -1 -1 -1 -1 -1
S077_007 -1 1 -1 -1 -1 -1 -1 -1 -1 -1 1 1 1 -1
S111_005 -1 -1 -1 -1 -1 -1 -1 -1 -1 -1 -1 -1 -1 1
S057_004 -1 -1 1 -1 1 -1 1 -1 -1 -1 -1 -1 -1 1
S119_001 1 1 -1 -1 -1 -1 -1 -1 -1 -1 -1 -1 -1 1
S134_003 -1 -1 1 -1 1 -1 -1 -1 -1 -1 1 1 1 -1
S124_003 1 -1 1 -1 -1 -1 -1 -1 -1 -1 -1 -1 -1 1
S053_001 1 1 -1 -1 -1 -1 -1 -1 -1 -1 -1 -1 -1 1
S052_001 1 1 -1 -1 -1 -1 -1 -1 -1 -1 -1 -1 -1 1
S114_002 -1 -1 -1 1 -1 -1 -1 1 -1 -1 -1 -1 -1 -1
S113_004 -1 -1 -1 -1 -1 -1 -1 1 -1 -1 -1 -1 -1 -1
S103_007 -1 -1 -1 -1 -1 -1 -1 -1 -1 -1 -1 -1 -1 1
S080_001 1 1 -1 -1 -1 -1 -1 -1 -1 -1 -1 -1 -1 1
S070_002 1 1 1 -1 -1 -1 -1 -1 -1 -1 -1 -1 -1 1
S130_009 1 1 1 -1 -1 -1 -1 -1 -1 -1 1 -1 -1 -1
S042_003 -1 -1 1 -1 -1 -1 -1 -1 -1 -1 -1 -1 -1 1
S072_003 -1 -1 -1 -1 -1 -1 -1 -1 -1 -1 -1 -1 -1 1
S077_003 -1 -1 -1 -1 -1 -1 -1 -1 -1 1 1 -1 -1 -1
S067_002 1 1 -1 -1 -1 -1 -1 -1 -1 -1 -1 -1 -1 1
S105_006 -1 -1 -1 -1 -1 -1 -1 -1 -1 -1 -1 -1 -1 1
S139_002 -1 1 1 -1 -1 -1 -1 -1 1 1 1 -1 -1 -1
S077_004 -1 -1 -1 -1 -1 -1 -1 -1 -1 -1 -1 -1 -1 1
S087_002 -1 -1 -1 -1 -1 -1 -1 -1 -1 1 1 -1 -1 -1
S102_007 -1 -1 -1 -1 -1 -1 -1 -1 -1 -1 -1 -1 -1 1
S107_001 1 1 -1 -1 -1 -1 -1 -1 -1 -1 -1 -1 -1 1
S107_006 1 -1 -1 -1 -1 -1 -1 -1 -1 1 1 -1 -1 -1
S090_006 -1 -1 -1 -1 -1 1 -1 -1 -1 -1 1 -1 -1 -1
S131_007 -1 -1 -1 1 -1 -1 -1 1 -1 -1 -1 -1 -1 -1
S046_001 1 -1 -1 -1 -1 -1 -1 -1 -1 1 1 -1 -1 -1
S026_005 1 1 1 1 1 -1 1 -1 -1 -1 -1 -1 -1 1
S501_004 1 1 1 -1 -1 -1 -1 -1 1 -1 1 -1 -1 1
S089_003 -1 -1 1 1 1 -1 1 -1 -1 -1 1 1 1 -1
S111_001 1 1 -1 -1 -1 -1 -1 -1 -1 -1 -1 -1 -1 1
S091_003 1 -1 -1 1 -1 -1 -1 1 -1 -1 -1 -1 -1 1
S085_001 -1 1 1 -1 -1 -1 -1 -1 -1 1 1 -1 -1 -1
S046_002 1 1 -1 -1 -1 -1 -1 -1 -1 -1 -1 -1 -1 1
S089_001 1 1 -1 -1 -1 -1 -1 -1 -1 -1 -1 -1 -1 1
S122_001 1 1 -1 -1 -1 -1 -1 -1 -1 -1 -1 -1 -1 1
S026_002 1 1 1 -1 -1 -1 -1 -1 -1 1 1 -1 -1 -1
S066_005 -1 1 1 -1 1 -1 -1 -1 -1 -1 1 1 -1 -1
S108_006 -1 -1 1 -1 1 1 -1 -1 -1 -1 1 -1 -1 1
S106_005 1 -1 1 -1 -1 -1 -1 -1 -1 -1 1 -1 -1 -1
S055_002 -1 -1 1 -1 -1 -1 -1 -1 -1 1 1 -1 -1 -1
S134_002 -1 -1 -1 -1 -1 -1 -1 -1 -1 -1 -1 -1 -1 1
S052_004 -1 -1 -1 1 -1 -1 -1 1 -1 -1 -1 -1 -1 1
S138_001 1 -1 1 -1 -1 -1 1 -1 -1 -1 -1 -1 -1 1
S113_008 1 -1 1 -1 1 -1 -1 -1 -1 -1 1 1 1 -1
S113_001 1 1 -1 -1 -1 -1 -1 -1 -1 -1 -1 -1 -1 1
S135_002 -1 -1 -1 -1 -1 -1 -1 1 -1 -1 -1 -1 -1 -1
S106_003 -1 -1 -1 -1 -1 -1 -1 -1 -1 -1 -1 -1 -1 1
S081_004 -1 -1 -1 -1 -1 -1 -1 -1 -1 -1 -1 -1 -1 1
S081_003 -1 -1 -1 -1 -1 -1 -1 -1 -1 1 1 -1 -1 -1
S032_006 -1 -1 -1 1 -1 -1 -1 1 -1 -1 -1 -1 -1 1
S011_001 1 1 -1 -1 -1 -1 -1 -1 -1 -1 -1 -1 -1 1
S505_006 1 1 1 -1 -1 -1 -1 -1 -1 1 1 -1 -1 -1
S098_001 -1 -1 -1 -1 -1 -1 -1 -1 -1 1 1 -1 -1 -1
S065_002 1 1 1 -1 -1 -1 -1 -1 -1 -1 1 -1 -1 1
S082_002 -1 -1 -1 -1 -1 -1 -1 -1 -1 1 1 -1 -1 -1
S125_005 -1 -1 -1 1 -1 -1 -1 1 -1 -1 -1 -1 -1 1
S129_003 -1 -1 -1 -1 -1 -1 -1 1 -1 -1 -1 -1 -1 -1
S100_002 1 1 -1 -1 -1 -1 -1 -1 -1 -1 -1 -1 -1 1
S124_006 -1 -1 1 -1 -1 1 -1 -1 -1 -1 1 -1 -1 -1
S072_004 -1 -1 -1 -1 -1 -1 -1 -1 -1 -1 -1 -1 -1 1
S111_003 -1 -1 -1 -1 -1 -1 -1 1 -1 -1 -1 -1 -1 -1
S050_003 -1 1 -1 -1 -1 -1 -1 -1 -1 1 1 -1 1 -1
S075_007 -1 1 1 -1 -1 -1 -1 1 -1 -1 -1 -1 -1 1
S110_002 1 -1 1 -1 -1 -1 -1 1 1 -1 -1 -1 -1 1
S504_004 1 1 1 -1 -1 -1 -1 -1 1 -1 1 -1 -1 1
S137_002 -1 1 -1 -1 -1 -1 -1 1 -1 -1 -1 -1 -1 -1
S115_007 -1 -1 -1 -1 -1 -1 -1 -1 -1 -1 -1 -1 -1 1
S501_001 1 -1 1 -1 -1 -1 -1 -1 -1 1 1 1 -1 -1
S035_006 -1 -1 -1 1 -1 -1 -1 1 -1 -1 -1 -1 -1 1
S136_003 1 -1 1 -1 -1 -1 -1 -1 -1 1 1 1 -1 -1
S014_001 1 1 -1 -1 -1 -1 -1 1 -1 -1 -1 -1 -1 1
S062_001 1 1 -1 -1 -1 -1 -1 -1 -1 -1 -1 -1 -1 1
S125_003 -1 -1 1 -1 -1 -1 -1 -1 -1 1 1 -1 -1 -1
S110_007 -1 -1 -1 1 -1 -1 -1 1 -1 -1 -1 -1 -1 -1
S111_007 -1 -1 1 -1 1 1 -1 -1 -1 -1 1 -1 -1 -1
S091_002 -1 -1 -1 -1 -1 -1 -1 -1 -1 -1 -1 -1 -1 1
S076_001 1 1 -1 -1 -1 -1 -1 -1 -1 -1 -1 -1 -1 1
S053_003 -1 -1 1 -1 1 -1 -1 -1 -1 -1 1 1 1 -1
S098_002 -1 -1 -1 -1 -1 -1 -1 -1 -1 -1 -1 -1 -1 1
S111_006 -1 -1 1 -1 1 -1 -1 -1 -1 -1 1 1 1 -1
S044_005 -1 -1 1 -1 1 -1 -1 -1 -1 -1 1 -1 -1 -1
S037_005 -1 -1 1 -1 1 -1 -1 -1 -1 -1 -1 -1 -1 1
S050_002 1 1 -1 -1 -1 -1 -1 -1 -1 1 -1 -1 -1 1
S073_005 -1 -1 1 -1 -1 -1 -1 -1 -1 -1 -1 -1 -1 1
S107_002 -1 1 -1 -1 -1 -1 -1 1 -1 -1 -1 -1 -1 -1
S117_006 -1 -1 1 -1 -1 -1 -1 -1 -1 -1 1 1 1 -1
S117_002 1 -1 1 -1 -1 -1 -1 -1 -1 1 1 -1 -1 -1
S138_005 -1 -1 -1 1 1 -1 -1 1 -1 -1 -1 -1 -1 1
S010_006 -1 -1 -1 1 -1 -1 -1 1 -1 -1 -1 -1 -1 1
S076_005 -1 -1 1 1 1 1 -1 -1 -1 -1 1 -1 -1 -1
S075_003 -1 -1 -1 -1 -1 -1 -1 -1 -1 1 1 1 -1 -1
S073_001 1 1 -1 -1 -1 -1 -1 -1 -1 -1 -1 -1 -1 1
S095_006 -1 -1 1 -1 1 1 -1 -1 -1 -1 -1 -1 -1 -1
S117_003 1 -1 1 -1 1 -1 1 -1 1 -1 -1 -1 -1 1
S068_004 1 1 1 -1 -1 -1 -1 -1 -1 -1 -1 -1 -1 -1
S105_003 -1 -1 -1 -1 -1 -1 -1 1 -1 -1 -1 -1 -1 1
S099_003 -1 -1 -1 -1 -1 -1 -1 -1 -1 -1 -1 -1 -1 1
S099_004 -1 -1 -1 1 1 -1 -1 1 -1 -1 -1 -1 -1 1
S078_006 -1 -1 -1 -1 -1 -1 -1 -1 -1 -1 -1 -1 -1 1
S115_006 -1 -1 -1 -1 -1 -1 -1 -1 -1 1 1 1 -1 -1
S037_003 -1 -1 1 -1 1 -1 -1 -1 -1 -1 1 1 1 -1
S074_004 -1 -1 1 1 1 1 -1 -1 -1 -1 1 -1 -1 1
S115_004 1 1 -1 -1 -1 -1 -1 -1 -1 1 1 -1 -1 -1
S088_002 1 -1 1 1 1 -1 -1 -1 -1 -1 -1 -1 -1 1
S058_005 -1 1 1 -1 -1 -1 -1 -1 1 -1 1 -1 1 -1
S093_001 1 -1 1 -1 -1 -1 -1 -1 -1 1 1 -1 -1 -1
S078_002 1 -1 1 -1 -1 -1 -1 -1 1 -1 1 -1 -1 -1
S010_001 1 1 -1 -1 -1 -1 -1 -1 -1 -1 -1 -1 -1 1
S099_002 -1 -1 -1 -1 -1 -1 -1 -1 -1 -1 -1 -1 -1 1
S087_005 -1 -1 -1 1 -1 -1 -1 1 -1 -1 -1 -1 -1 1
S069_004 -1 -1 -1 1 -1 -1 -1 1 -1 -1 -1 -1 -1 1
S067_006 -1 1 1 -1 -1 1 -1 -1 -1 -1 1 -1 1 -1
S155_002 -1 -1 -1 -1 -1 -1 -1 -1 1 -1 -1 -1 -1 -1
S074_005 -1 -1 -1 1 -1 -1 -1 1 -1 -1 -1 -1 -1 1
S080_005 1 1 -1 -1 -1 -1 -1 -1 -1 1 1 -1 1 -1
S120_002 1 -1 1 -1 1 -1 -1 -1 -1 1 1 -1 -1 -1
S137_001 1 1 1 -1 -1 -1 -1 -1 -1 -1 -1 -1 -1 1
S075_006 -1 -1 -1 1 -1 -1 -1 1 -1 -1 -1 -1 -1 1
S133_004 -1 -1 -1 -1 -1 -1 -1 -1 -1 1 1 -1 -1 -1
S083_002 -1 -1 -1 -1 -1 -1 -1 -1 -1 -1 -1 -1 -1 1
S071_004 -1 -1 1 -1 1 -1 -1 -1 -1 -1 1 1 1 -1
S113_007 -1 -1 1 -1 -1 -1 -1 -1 -1 -1 -1 -1 -1 1
S506_001 -1 1 1 1 1 -1 -1 -1 -1 -1 1 1 -1 -1
S128_011 -1 1 1 1 -1 -1 -1 1 -1 -1 -1 -1 -1 1
S125_007 1 1 -1 -1 -1 -1 -1 -1 -1 -1 -1 -1 -1 1
S158_002 1 1 -1 -1 -1 -1 -1 1 1 -1 1 -1 -1 -1
S014_005 -1 -1 -1 1 -1 -1 -1 1 -1 -1 -1 -1 -1 1
S010_002 1 1 -1 -1 -1 -1 -1 -1 -1 -1 -1 -1 -1 1
S128_003 -1 -1 -1 -1 -1 -1 -1 -1 -1 -1 -1 -1 -1 -1
S131_005 -1 -1 -1 -1 -1 -1 -1 -1 -1 -1 -1 -1 -1 1
S133_010 -1 1 1 1 -1 -1 -1 1 -1 -1 -1 -1 -1 1
S126_001 1 -1 1 -1 1 -1 -1 -1 -1 -1 1 -1 -1 -1
S129_006 -1 1 1 1 1 -1 -1 -1 -1 -1 1 1 -1 -1
S112_001 1 1 -1 -1 -1 -1 -1 -1 -1 -1 1 -1 -1 -1
S059_002 1 -1 1 1 1 -1 -1 -1 -1 -1 -1 -1 -1 1
S105_002 1 -1 1 -1 -1 -1 -1 -1 -1 1 1 -1 -1 -1
S057_001 1 1 -1 -1 -1 -1 -1 -1 -1 -1 -1 -1 -1 1
S114_003 -1 -1 -1 -1 -1 -1 -1 -1 -1 1 1 -1 -1 -1
S134_001 -1 -1 -1 -1 -1 -1 -1 -1 -1 -1 -1 -1 -1 1
S032_002 1 -1 1 -1 -1 -1 1 -1 -1 1 1 -1 -1 -1
S131_001 1 1 -1 -1 -1 -1 -1 -1 -1 -1 -1 -1 -1 1
S133_002 -1 1 1 -1 1 -1 -1 -1 -1 1 1 -1 -1 -1
S129_004 -1 -1 -1 -1 -1 -1 -1 -1 -1 -1 -1 -1 -1 1
S045_003 -1 -1 -1 -1 -1 -1 -1 1 -1 -1 -1 -1 -1 1
S131_004 -1 -1 -1 -1 -1 -1 -1 -1 -1 -1 -1 -1 -1 1
S097_004 -1 -1 1 1 1 1 -1 -1 -1 -1 1 -1 -1 -1
S069_005 -1 -1 -1 -1 1 1 -1 -1 -1 -1 1 1 1 -1
S088_003 -1 -1 -1 -1 -1 -1 -1 -1 -1 -1 -1 -1 -1 1
S094_003 1 1 1 -1 -1 -1 -1 -1 -1 1 1 -1 -1 -1
S130_004 -1 -1 1 -1 -1 -1 -1 -1 -1 1 1 -1 -1 -1
S129_012 -1 1 1 1 1 -1 -1 -1 -1 -1 -1 -1 -1 -1
S056_003 1 1 1 -1 -1 -1 1 -1 -1 -1 -1 -1 -1 1
S113_002 1 1 1 -1 1 -1 -1 -1 -1 -1 -1 -1 -1 1
S022_002 1 1 1 -1 -1 -1 -1 -1 -1 -1 -1 -1 -1 1
S042_005 -1 -1 1 1 1 1 1 -1 -1 -1 1 -1 -1 -1
S082_007 -1 -1 1 1 1 1 -1 -1 -1 -1 1 -1 -1 -1
S080_003 -1 -1 -1 -1 -1 -1 -1 -1 -1 -1 -1 -1 -1 1
S058_002 -1 -1 1 -1 -1 -1 -1 1 -1 -1 -1 -1 -1 1
S093_004 1 1 1 1 -1 -1 -1 1 -1 -1 -1 -1 -1 1
S010_003 -1 -1 1 -1 -1 -1 -1 -1 -1 -1 1 -1 -1 -1
S032_004 -1 1 1 -1 1 -1 -1 -1 -1 -1 -1 -1 -1 1
S071_001 1 1 -1 -1 -1 -1 -1 -1 -1 -1 -1 -1 -1 1
S087_007 -1 1 1 1 1 -1 -1 -1 -1 -1 -1 1 -1 -1
S502_001 -1 1 1 -1 -1 -1 -1 -1 -1 -1 1 1 -1 -1
S051_003 1 1 1 -1 -1 1 -1 -1 1 -1 1 -1 -1 -1
S102_005 -1 1 -1 -1 -1 -1 -1 -1 -1 1 1 -1 -1 -1
S083_004 -1 -1 -1 1 1 -1 -1 -1 -1 -1 -1 -1 -1 1
S073_002 -1 -1 -1 -1 -1 -1 -1 1 -1 -1 -1 -1 -1 1
S506_006 1 1 1 -1 -1 -1 -1 -1 -1 1 1 -1 -1 -1
S119_008 -1 -1 1 -1 1 -1 -1 -1 -1 -1 1 1 1 -1
S131_002 1 -1 1 -1 1 -1 -1 -1 -1 1 1 -1 -1 -1
S063_002 -1 -1 -1 1 -1 -1 -1 1 -1 -1 -1 -1 -1 -1
S065_005 -1 1 -1 -1 -1 1 -1 -1 -1 -1 1 -1 -1 -1
S034_001 1 1 -1 -1 -1 -1 -1 1 -1 -1 -1 -1 -1 1
S119_004 1 -1 -1 -1 -1 -1 -1 -1 -1 1 1 -1 -1 -1
S055_003 -1 1 1 1 1 1 -1 -1 -1 -1 1 -1 -1 -1
S060_001 1 -1 -1 -1 -1 -1 -1 -1 -1 1 1 -1 -1 -1
S118_001 1 -1 -1 -1 -1 -1 -1 -1 -1 -1 -1 -1 -1 1
S118_005 -1 -1 1 -1 -1 -1 -1 -1 -1 1 1 -1 -1 -1
S132_008 1 1 1 -1 -1 -1 -1 -1 -1 -1 -1 -1 -1 1
S034_005 -1 -1 -1 1 -1 -1 -1 1 -1 -1 -1 -1 -1 1
S032_003 -1 -1 1 -1 -1 -1 -1 -1 -1 -1 1 1 1 -1
S056_002 -1 -1 1 -1 1 1 -1 -1 -1 -1 1 -1 -1 -1
S108_004 -1 1 -1 -1 -1 -1 -1 -1 -1 -1 -1 -1 -1 1
S122_004 -1 -1 -1 -1 -1 -1 -1 -1 -1 1 1 -1 -1 -1
S130_003 -1 -1 -1 -1 -1 -1 -1 1 -1 -1 -1 -1 -1 -1
S133_001 -1 -1 -1 -1 -1 -1 -1 1 -1 -1 -1 -1 -1 -1
S114_006 -1 -1 -1 1 1 -1 -1 1 -1 -1 -1 -1 -1 1
S109_006 -1 -1 -1 1 -1 -1 -1 1 -1 -1 -1 -1 -1 1
S062_002 1 1 -1 -1 -1 -1 -1 -1 -1 -1 -1 -1 -1 1
S065_004 -1 -1 -1 1 -1 -1 -1 1 -1 -1 -1 -1 -1 1
S110_006 -1 1 1 -1 1 -1 -1 -1 -1 -1 -1 1 1 -1
S107_005 -1 -1 1 -1 1 1 1 -1 -1 -1 1 -1 -1 -1
S071_006 -1 1 1 -1 -1 1 -1 -1 -1 -1 -1 1 -1 -1
S137_004 -1 -1 -1 -1 -1 -1 -1 -1 -1 -1 -1 -1 -1 1
S111_004 -1 -1 -1 -1 -1 -1 -1 -1 -1 -1 -1 -1 -1 1
S026_003 -1 -1 1 -1 1 -1 -1 -1 1 -1 1 -1 1 -1
S053_004 1 -1 -1 1 -1 -1 -1 1 -1 -1 -1 -1 -1 1
S067_003 -1 -1 1 -1 -1 -1 -1 -1 1 -1 -1 -1 -1 1
S099_007 -1 -1 1 -1 -1 1 -1 -1 -1 -1 -1 -1 1 -1
S129_007 1 1 1 -1 -1 -1 -1 -1 -1 -1 -1 -1 -1 1
S072_001 -1 -1 -1 -1 -1 -1 -1 -1 -1 1 1 -1 -1 -1
S078_007 1 -1 -1 -1 -1 1 -1 -1 1 -1 1 -1 1 -1
S011_003 1 -1 1 -1 1 -1 -1 -1 -1 -1 -1 -1 -1 1
S096_003 -1 -1 1 -1 1 1 -1 -1 -1 -1 1 -1 -1 -1
S022_006 -1 -1 1 -1 1 1 -1 -1 -1 -1 1 -1 -1 -1
S103_001 1 1 -1 -1 -1 -1 -1 -1 -1 -1 -1 -1 -1 1
S069_002 1 1 -1 -1 -1 -1 -1 -1 -1 -1 -1 -1 -1 1
S102_004 -1 -1 1 1 -1 -1 -1 1 -1 -1 -1 -1 -1 -1
S075_004 -1 -1 -1 -1 -1 -1 -1 -1 -1 -1 -1 -1 -1 1
S050_006 -1 -1 -1 1 -1 -1 -1 1 -1 -1 -1 -1 -1 1
S077_006 -1 1 -1 -1 1 1 -1 -1 -1 -1 1 -1 -1 -1
S100_006 -1 -1 1 1 1 -1 -1 1 -1 -1 -1 -1 -1 1
S011_004 -1 1 1 -1 1 -1 -1 -1 -1 -1 1 1 1 -1
S125_006 1 1 1 -1 -1 -1 -1 1 -1 -1 -1 -1 -1 1
S118_004 -1 -1 -1 -1 -1 -1 -1 -1 -1 -1 -1 -1 -1 1
S072_006 -1 -1 -1 1 -1 -1 -1 1 -1 -1 -1 -1 -1 1
S106_007 -1 -1 1 1 -1 -1 -1 1 -1 -1 -1 -1 -1 -1
S121_001 -1 -1 -1 -1 -1 -1 -1 1 -1 -1 -1 -1 -1 -1
S052_006 -1 1 1 -1 -1 1 1 -1 -1 -1 -1 -1 -1 1
S129_001 1 -1 -1 -1 -1 -1 -1 -1 -1 1 1 -1 -1 -1
S005_001 -1 1 1 -1 -1 1 -1 -1 -1 -1 1 -1 -1 -1
S124_001 1 1 -1 -1 -1 -1 -1 -1 -1 -1 -1 1 -1 1
S050_005 -1 -1 1 -1 1 1 -1 -1 -1 -1 -1 -1 -1 -1
S070_005 -1 1 1 -1 -1 -1 1 -1 -1 -1 1 -1 -1 -1
S115_005 -1 -1 -1 -1 -1 -1 -1 1 -1 -1 -1 -1 -1 -1
S042_004 -1 -1 1 -1 1 -1 -1 -1 1 -1 1 1 1 -1
S115_001 1 1 -1 -1 -1 -1 -1 -1 -1 -1 -1 -1 -1 1
S112_002 -1 -1 -1 -1 -1 -1 -1 -1 -1 -1 -1 -1 -1 1
S075_005 -1 1 1 1 1 1 -1 -1 -1 -1 1 -1 -1 -1
S058_003 -1 -1 1 -1 -1 -1 -1 -1 -1 1 1 -1 -1 -1
S119_003 1 -1 1 -1 -1 -1 -1 -1 -1 -1 -1 -1 -1 1
S136_002 1 -1 1 -1 -1 -1 -1 -1 -1 -1 -1 -1 -1 1
S124_004 -1 -1 -1 -1 -1 -1 -1 1 -1 -1 -1 -1 -1 -1
S044_003 -1 -1 -1 1 -1 -1 -1 1 -1 -1 -1 -1 -1 1
S100_001 1 1 -1 -1 -1 -1 -1 -1 -1 -1 -1 -1 -1 1
S132_001 1 -1 -1 -1 -1 -1 -1 -1 -1 1 1 -1 -1 -1
S504_006 1 1 1 -1 -1 -1 -1 -1 -1 1 1 -1 -1 -1
S011_002 1 -1 1 -1 -1 -1 -1 -1 -1 1 1 -1 -1 -1
S055_001 1 1 1 -1 -1 -1 -1 -1 -1 -1 -1 -1 -1 1
S066_003 -1 -1 -1 1 -1 -1 -1 1 -1 -1 -1 -1 -1 1
S082_006 1 -1 1 -1 1 -1 -1 -1 -1 -1 -1 -1 -1 1
S103_006 -1 -1 -1 -1 -1 -1 -1 -1 -1 -1 -1 -1 -1 1
S074_002 1 1 -1 -1 -1 -1 -1 -1 -1 -1 -1 -1 -1 1
S095_002 1 1 1 -1 1 -1 -1 -1 -1 -1 -1 -1 -1 1
S054_004 1 -1 -1 -1 -1 1 -1 -1 -1 -1 -1 1 -1 -1
S136_001 1 1 1 -1 -1 -1 -1 -1 -1 -1 -1 -1 -1 1
S045_004 -1 -1 1 -1 1 1 -1 -1 -1 -1 1 -1 -1 1
S057_006 -1 -1 -1 1 -1 -1 -1 1 -1 -1 -1 -1 -1 1
S124_002 1 -1 1 -1 -1 -1 -1 -1 -1 1 1 1 -1 -1
S046_003 -1 -1 1 -1 -1 -1 -1 -1 -1 -1 -1 -1 -1 1
S078_004 -1 -1 -1 1 -1 -1 -1 1 -1 -1 -1 -1 -1 1
S083_001 -1 1 -1 -1 -1 -1 -1 -1 -1 1 1 -1 -1 -1
S117_005 -1 -1 -1 -1 -1 -1 -1 -1 -1 -1 -1 -1 -1 1
S055_006 1 1 1 -1 -1 -1 -1 -1 -1 -1 -1 -1 -1 -1
S076_002 1 -1 -1 -1 -1 -1 -1 -1 -1 1 1 -1 -1 -1
S117_004 -1 -1 -1 -1 -1 -1 -1 -1 -1 1 1 -1 -1 -1
S046_004 -1 -1 1 -1 1 1 -1 -1 -1 -1 1 -1 -1 -1
S014_004 -1 -1 1 -1 1 1 -1 -1 -1 -1 1 -1 -1 -1
S106_001 1 1 1 -1 -1 -1 -1 -1 -1 -1 -1 -1 -1 1
S065_003 1 1 -1 -1 -1 -1 -1 -1 -1 -1 -1 -1 -1 1
S100_005 -1 -1 1 -1 -1 -1 -1 -1 -1 -1 1 1 1 -1
S099_001 1 1 -1 -1 -1 -1 -1 -1 -1 -1 -1 -1 -1 1
S058_006 -1 1 -1 -1 -1 1 -1 -1 -1 -1 1 -1 -1 -1
S091_001 1 1 1 -1 -1 -1 -1 -1 -1 -1 -1 -1 -1 1
S134_008 -1 1 -1 -1 -1 1 -1 -1 -1 -1 -1 -1 -1 1
S115_002 1 -1 1 -1 1 -1 -1 -1 -1 -1 -1 -1 -1 1
S078_005 -1 -1 -1 -1 -1 -1 -1 -1 -1 1 1 -1 -1 -1
S075_001 1 1 -1 -1 -1 -1 -1 -1 -1 1 1 -1 1 -1
S055_004 -1 -1 1 -1 -1 -1 -1 -1 -1 -1 1 1 1 -1
S073_003 1 -1 -1 -1 -1 -1 -1 -1 -1 1 1 -1 1 -1
S071_003 -1 -1 1 1 -1 -1 -1 -1 -1 -1 -1 -1 -1 1
S119_006 -1 -1 -1 -1 -1 -1 -1 -1 -1 -1 -1 -1 -1 1
S094_004 -1 -1 -1 1 -1 -1 -1 1 -1 -1 -1 -1 -1 1
S105_004 -1 -1 -1 -1 -1 -1 -1 1 -1 -1 -1 -1 -1 -1
S125_001 1 -1 1 -1 -1 -1 -1 -1 -1 1 1 -1 -1 -1
S133_009 1 1 1 -1 -1 -1 -1 -1 -1 -1 -1 -1 -1 1
S037_001 1 1 -1 -1 -1 -1 -1 -1 -1 -1 -1 -1 -1 1
S077_001 1 1 -1 -1 -1 -1 -1 -1 -1 -1 -1 -1 -1 1
S044_001 1 1 -1 -1 -1 -1 -1 -1 -1 -1 -1 -1 -1 1
S079_003 -1 -1 1 -1 -1 -1 -1 -1 -1 -1 -1 -1 -1 1
S026_006 -1 -1 1 1 -1 -1 -1 1 -1 -1 -1 -1 -1 1
S092_001 1 1 -1 -1 -1 -1 -1 -1 -1 -1 -1 -1 -1 1
S086_001 1 1 -1 -1 -1 -1 -1 -1 -1 -1 -1 -1 -1 1
S111_002 -1 -1 -1 1 -1 -1 -1 1 -1 -1 -1 -1 -1 1
S101_001 1 1 -1 -1 -1 -1 -1 -1 -1 -1 1 -1 -1 1
S010_005 -1 -1 1 1 1 1 -1 -1 -1 -1 -1 -1 -1 1
S124_007 -1 -1 -1 1 -1 -1 -1 1 -1 -1 -1 -1 -1 1
S131_003 1 -1 1 -1 1 -1 -1 -1 -1 1 1 -1 -1 -1
S026_001 1 1 1 -1 -1 -1 -1 -1 -1 -1 -1 -1 -1 1
S079_004 -1 -1 -1 1 -1 -1 -1 1 -1 -1 -1 -1 -1 1
S080_008 -1 1 -1 -1 -1 1 1 -1 -1 -1 -1 -1 1 -1
S129_005 -1 -1 -1 -1 -1 -1 -1 -1 -1 -1 -1 -1 -1 -1
S092_002 -1 -1 -1 -1 -1 -1 -1 -1 -1 -1 -1 -1 -1 1
S129_002 1 -1 -1 -1 -1 -1 1 -1 1 -1 -1 -1 -1 -1
S085_002 -1 1 -1 1 -1 -1 -1 1 -1 -1 -1 -1 -1 1
S088_004 -1 -1 1 1 -1 1 -1 -1 -1 -1 1 -1 -1 -1
S067_005 -1 -1 -1 1 -1 -1 -1 1 -1 -1 -1 -1 -1 1
S010_004 -1 -1 1 -1 1 -1 -1 -1 -1 -1 1 1 1 -1
S102_003 1 1 1 -1 -1 -1 1 -1 -1 -1 -1 -1 -1 1
S095_005 -1 -1 -1 -1 -1 -1 -1 -1 -1 -1 -1 -1 -1 1
S117_007 -1 -1 -1 1 -1 -1 -1 1 -1 -1 -1 -1 -1 -1
S127_002 -1 1 -1 -1 -1 -1 -1 1 -1 -1 -1 -1 -1 -1
S105_001 1 -1 -1 -1 -1 -1 -1 -1 -1 1 1 -1 -1 -1
S087_004 -1 -1 1 1 1 1 -1 -1 -1 -1 1 -1 -1 -1
S059_003 -1 -1 1 1 1 1 -1 -1 -1 -1 1 1 1 -1
S011_006 -1 -1 -1 1 -1 -1 -1 1 -1 -1 -1 -1 -1 1
S138_003 -1 -1 -1 -1 -1 -1 -1 -1 -1 -1 -1 -1 -1 1
S504_002 -1 -1 -1 -1 -1 -1 -1 -1 1 -1 -1 -1 -1 -1
S119_005 -1 -1 -1 -1 -1 -1 -1 1 -1 -1 -1 -1 -1 -1
S044_004 -1 -1 1 -1 -1 -1 -1 -1 -1 -1 1 -1 -1 -1
S085_003 1 1 -1 -1 -1 -1 -1 -1 -1 -1 -1 -1 -1 1
S129_011 -1 -1 1 -1 -1 1 -1 -1 -1 -1 1 -1 -1 -1
S130_005 -1 -1 -1 -1 -1 -1 -1 -1 -1 -1 -1 -1 -1 1
S090_007 -1 1 1 -1 1 -1 -1 -1 -1 -1 1 -1 1 -1
S051_002 1 1 1 -1 -1 -1 -1 1 -1 -1 -1 -1 -1 1
S035_003 1 1 1 1 1 1 -1 1 -1 -1 -1 -1 -1 1
S068_005 -1 1 1 -1 -1 1 -1 -1 -1 1 1 -1 1 -1
S103_003 -1 -1 -1 -1 -1 -1 -1 1 -1 -1 -1 -1 -1 -1
S138_007 1 1 1 -1 -1 -1 -1 -1 -1 1 1 1 -1 -1
S133_003 -1 -1 1 -1 1 -1 -1 -1 -1 -1 1 1 1 -1
S124_005 -1 -1 -1 -1 -1 -1 -1 -1 -1 -1 -1 -1 -1 1
S128_001 -1 -1 -1 -1 -1 -1 -1 1 -1 -1 -1 -1 -1 -1
S130_007 -1 1 1 -1 1 -1 -1 -1 -1 -1 1 1 1 -1
S097_001 1 1 -1 -1 -1 -1 -1 -1 -1 -1 -1 -1 -1 1
S065_001 1 1 1 -1 -1 -1 -1 -1 -1 1 1 -1 -1 -1
S895_002 -1 -1 -1 -1 -1 -1 -1 -1 1 -1 -1 -1 -1 -1
S095_004 -1 -1 -1 -1 -1 -1 -1 -1 -1 -1 -1 -1 -1 1
S109_003 -1 -1 1 -1 1 -1 -1 -1 1 -1 1 -1 1 -1
S050_001 1 1 1 -1 -1 -1 -1 -1 -1 -1 -1 -1 -1 1
S090_002 1 1 1 -1 -1 -1 -1 -1 -1 -1 -1 -1 -1 1
S098_003 -1 -1 1 1 1 1 -1 -1 -1 -1 1 -1 -1 -1
S130_002 1 -1 1 -1 1 -1 -1 -1 1 -1 -1 -1 -1 1
S116_004 -1 -1 -1 -1 -1 -1 -1 -1 -1 -1 -1 -1 -1 1
S034_004 -1 -1 1 -1 1 1 -1 -1 -1 -1 1 -1 -1 -1
S093_002 1 -1 1 -1 1 -1 -1 -1 -1 -1 -1 -1 -1 1
S073_006 -1 -1 1 1 1 1 -1 -1 -1 -1 1 -1 -1 -1
S135_001 1 1 -1 -1 -1 -1 -1 -1 -1 -1 -1 -1 -1 1
S044_002 1 -1 1 1 1 -1 -1 1 -1 -1 -1 -1 -1 1
S502_002 -1 -1 -1 -1 -1 -1 -1 -1 1 -1 -1 -1 -1 -1
S035_002 -1 -1 1 -1 -1 -1 -1 -1 -1 -1 1 -1 -1 -1
S135_012 -1 1 1 -1 -1 -1 -1 -1 -1 -1 -1 -1 -1 1
S131_006 -1 -1 -1 1 -1 -1 -1 1 -1 -1 -1 -1 -1 1
S128_005 -1 -1 -1 -1 -1 -1 -1 -1 -1 -1 -1 -1 -1 1
S108_007 -1 -1 1 -1 1 -1 -1 -1 -1 -1 -1 -1 -1 -1
S147_002 -1 1 -1 -1 -1 -1 -1 1 1 -1 -1 -1 -1 -1
S069_003 -1 1 1 1 1 1 -1 -1 -1 -1 1 -1 -1 -1
S118_003 -1 -1 -1 -1 -1 -1 -1 -1 -1 1 1 -1 -1 -1
S037_002 -1 -1 1 -1 -1 -1 -1 -1 -1 -1 1 -1 -1 -1
S032_001 1 1 -1 -1 -1 -1 -1 -1 -1 -1 -1 -1 -1 1
S136_004 -1 -1 -1 -1 -1 -1 -1 -1 -1 -1 -1 -1 -1 1
S138_004 -1 -1 -1 -1 -1 -1 -1 -1 -1 -1 -1 -1 -1 1
S042_001 1 1 -1 -1 -1 -1 -1 -1 -1 -1 -1 -1 -1 1
S504_001 -1 1 1 -1 -1 1 -1 -1 -1 1 1 1 -1 -1
S062_005 1 1 -1 1 -1 1 -1 1 -1 -1 1 -1 -1 -1
S084_004 -1 -1 -1 1 -1 -1 -1 -1 -1 -1 -1 1 1 -1
S100_004 -1 -1 -1 -1 -1 -1 -1 -1 -1 -1 -1 -1 -1 1
S114_001 1 1 -1 -1 -1 -1 -1 -1 -1 -1 -1 -1 -1 1
S503_001 -1 1 1 -1 -1 -1 -1 -1 -1 -1 1 1 -1 -1
S127_001 1 1 -1 -1 -1 -1 -1 -1 -1 -1 -1 -1 -1 1
S156_002 1 1 -1 -1 -1 -1 -1 1 1 -1 -1 -1 -1 -1
S096_001 1 1 -1 -1 -1 -1 -1 -1 -1 -1 -1 -1 -1 1
S103_008 -1 1 1 -1 -1 -1 -1 -1 -1 -1 -1 -1 -1 1
S110_003 1 -1 1 -1 -1 -1 -1 -1 -1 -1 -1 1 -1 -1
S116_003 -1 -1 -1 -1 -1 -1 -1 -1 -1 -1 -1 -1 -1 1
S066_004 1 1 1 -1 -1 -1 -1 -1 -1 -1 1 -1 -1 -1
S102_006 -1 -1 -1 -1 -1 -1 -1 -1 -1 1 1 -1 -1 -1
S059_001 1 1 -1 -1 -1 -1 -1 -1 -1 -1 -1 -1 -1 1
S085_004 1 -1 1 -1 -1 1 1 1 -1 -1 -1 -1 -1 1
S095_001 1 1 -1 -1 -1 -1 -1 -1 -1 -1 -1 -1 -1 1
S076_006 -1 -1 -1 1 -1 -1 -1 1 -1 -1 -1 -1 -1 1
S125_008 -1 1 1 -1 -1 1 -1 -1 -1 -1 -1 -1 -1 -1
S101_004 -1 -1 -1 -1 -1 -1 -1 1 -1 -1 -1 -1 -1 1
S105_007 -1 -1 1 -1 1 1 -1 -1 -1 -1 -1 1 -1 -1
S079_002 -1 -1 1 -1 -1 1 -1 -1 -1 -1 -1 -1 -1 -1
S072_002 -1 -1 -1 -1 -1 -1 -1 -1 -1 1 1 -1 1 -1
S135_003 -1 -1 -1 -1 -1 -1 -1 -1 -1 -1 -1 -1 -1 1
S108_002 -1 -1 -1 -1 -1 -1 -1 -1 -1 1 1 -1 -1 -1
S135_004 -1 -1 -1 -1 -1 -1 -1 -1 -1 -1 -1 -1 -1 1
S045_005 -1 -1 1 -1 1 -1 -1 -1 -1 -1 -1 1 1 -1
S132_006 -1 -1 -1 1 -1 -1 -1 1 -1 -1 -1 -1 -1 1
S054_002 1 -1 1 -1 1 -1 -1 -1 -1 -1 -1 -1 -1 1
S136_006 -1 -1 -1 1 -1 -1 -1 1 -1 -1 -1 -1 -1 1
S066_001 1 1 1 -1 1 -1 -1 -1 -1 -1 -1 -1 -1 1
S503_006 1 -1 1 -1 -1 -1 -1 -1 -1 1 1 -1 -1 -1
S106_006 -1 -1 -1 1 -1 -1 -1 1 -1 -1 -1 -1 -1 1
S121_004 1 -1 -1 -1 -1 -1 -1 -1 -1 -1 -1 -1 -1 1
S076_004 -1 -1 -1 -1 -1 -1 -1 -1 -1 -1 -1 -1 -1 1
S087_003 -1 -1 -1 -1 -1 -1 -1 -1 -1 -1 -1 -1 -1 1
S096_002 -1 -1 -1 -1 -1 -1 -1 -1 -1 -1 -1 -1 -1 1
S109_001 -1 1 -1 -1 -1 -1 -1 1 -1 -1 -1 -1 -1 -1
S120_001 -1 -1 -1 -1 -1 -1 -1 -1 -1 1 1 -1 -1 -1
S112_005 -1 -1 -1 1 1 -1 -1 -1 -1 -1 -1 1 1 -1
S044_006 -1 -1 1 1 1 1 -1 -1 -1 -1 -1 -1 -1 -1
S078_003 1 -1 1 1 -1 -1 -1 -1 -1 -1 -1 -1 -1 1
S121_003 -1 -1 -1 -1 -1 -1 -1 -1 -1 -1 -1 -1 -1 1
S035_001 1 1 -1 -1 -1 -1 -1 -1 -1 -1 -1 -1 -1 1
S106_002 1 1 1 -1 -1 -1 -1 -1 -1 1 1 -1 -1 -1
S063_001 1 1 -1 -1 -1 -1 -1 -1 -1 -1 -1 -1 -1 1
S999_001 1 -1 1 -1 -1 -1 -1 -1 -1 -1 1 1 -1 -1
S101_003 1 -1 1 -1 1 -1 -1 -1 -1 -1 1 1 -1 -1
S113_005 -1 -1 -1 -1 -1 -1 -1 -1 -1 1 1 -1 -1 -1
S105_005 -1 -1 -1 -1 -1 -1 -1 -1 -1 -1 -1 -1 -1 1
S160_006 1 1 1 -1 -1 -1 -1 -1 -1 1 1 1 -1 -1
S073_004 -1 -1 -1 -1 -1 -1 -1 -1 -1 -1 -1 -1 -1 1
S096_004 -1 -1 -1 1 -1 -1 -1 1 -1 -1 -1 -1 -1 1
S110_001 1 1 -1 -1 -1 -1 -1 -1 -1 -1 -1 -1 -1 1
S058_001 1 1 -1 -1 -1 -1 -1 -1 -1 -1 -1 -1 -1 1
S054_001 -1 -1 -1 -1 -1 -1 -1 1 -1 -1 -1 -1 -1 1
S105_008 -1 -1 1 -1 1 1 -1 -1 -1 -1 1 -1 -1 -1
S094_001 1 1 -1 -1 -1 -1 -1 -1 -1 -1 -1 -1 -1 1
S082_003 -1 -1 -1 -1 -1 -1 -1 -1 -1 1 1 -1 -1 -1
S077_002 -1 -1 -1 -1 -1 -1 -1 1 -1 -1 -1 -1 -1 1
S088_001 1 1 -1 -1 -1 -1 -1 -1 -1 -1 -1 -1 -1 1
S113_003 1 1 -1 -1 -1 -1 -1 -1 -1 1 1 -1 -1 -1
S064_002 -1 -1 -1 -1 -1 -1 1 -1 -1 -1 1 1 1 -1
S095_007 -1 -1 1 1 -1 -1 -1 1 -1 -1 -1 -1 -1 1
S121_005 -1 -1 -1 -1 -1 -1 -1 -1 -1 -1 -1 -1 -1 1
S130_012 1 1 -1 -1 -1 1 -1 -1 -1 1 1 -1 -1 -1
S136_005 -1 -1 1 -1 -1 -1 -1 -1 -1 -1 -1 1 1 -1
S106_004 -1 -1 1 -1 1 1 -1 -1 -1 -1 1 -1 -1 -1
S122_002 -1 -1 -1 -1 -1 -1 -1 -1 -1 -1 -1 -1 -1 1
S148_002 -1 1 -1 -1 -1 -1 -1 -1 1 1 1 -1 -1 -1
S097_005 -1 -1 1 1 1 -1 -1 -1 -1 -1 -1 -1 -1 1
S102_002 1 1 -1 -1 -1 -1 -1 -1 -1 -1 -1 -1 -1 1
S134_004 -1 -1 -1 1 -1 -1 -1 1 -1 -1 -1 -1 -1 1
S121_002 -1 -1 -1 -1 -1 -1 -1 -1 -1 -1 -1 -1 -1 1
S102_008 -1 -1 -1 -1 -1 -1 -1 -1 -1 -1 -1 -1 -1 1
S119_002 1 -1 -1 -1 -1 -1 -1 -1 -1 -1 1 -1 -1 -1
S064_003 -1 -1 -1 1 -1 -1 -1 1 -1 -1 -1 -1 -1 1
S104_003 -1 1 -1 -1 -1 -1 -1 -1 -1 -1 -1 -1 -1 1
S067_004 -1 1 1 -1 1 -1 -1 -1 1 -1 -1 1 1 -1
S101_002 1 1 -1 -1 -1 -1 -1 -1 -1 -1 -1 -1 -1 1
S116_006 -1 -1 1 1 1 1 -1 -1 -1 -1 1 -1 -1 -1
S081_008 -1 -1 1 -1 -1 1 -1 -1 -1 -1 -1 -1 1 -1
S116_007 -1 -1 -1 1 -1 -1 -1 1 -1 -1 -1 -1 -1 1
S109_004 -1 -1 1 1 1 1 1 1 -1 -1 -1 -1 -1 1
S045_001 1 1 -1 -1 -1 -1 -1 1 -1 -1 -1 -1 -1 -1
S118_002 -1 -1 -1 -1 -1 -1 -1 1 -1 -1 -1 -1 -1 1
